5178
0623
4727
1773
0495
4457
5008
1954
1993
3685
0071
6887
2411
5653
2930
7278
4540
4585
3563
6467
5088
8514
1058
8855
0633
2297
5691
9205
1512
9183
4552
0811
8935
3372
7578
0526
8626
2386
0746
1060
0867
4944
3191
1242
5888
4562
3306
9965
2237
1928
3991
5246
9436
2426
4405
1356
6196
9468
6525
0684
8983
1009
2862
7473
9748
8647
3929
1945
9485
7850
5177
6755
4309
7610
4927
9354
9540
5579
8026
6553
1422
9630
0720
8507
0599
9289
6045
7144
4105
7853
5829
1550
4111
2540
0295
1220
4943
1235
2673
4015
7599
7572
4088
6743
5426
6287
0443
7601
6502
7111
8968
7883
2161
7491
9178
3643
9505
4083
4502
9004
6332
5340
1819
7281
6910
0417
8046
6256
6766
7335
9974
9069
5893
5339
0752
3652
5713
4462
5818
1357
2202
0290
2570
9574
3008
5172
9615
6980
0928
3310
0173
0491
3737
9300
1454
4425
4707
0381
4006
2312
5689
6109
6916
7531
3694
9020
4287
3999
6635
9981
1215
6393
4353
1662
9689
3433
8054
2738
6954
5869
2761
6479
5183
2769
0651
2779
7129
1501
2474
4539
4420
0638
0953
4324
1912
7147
3416
6627
7547
9126
7549
2732
4747
7623
4319
1161
5133
6614
4147
2008
5651
8052
6219
4644
1949
2105
1884
1572
9055
6104
5759
5561
0905
2597
4416
9330
9157
8081
7395
2884
7550
7076
2861
5990
4481
6652
8397
3443
3270
8768
6715
8285
9606
8422
8034
8147
7187
0329
4000
0288
5205
3314
1367
3160
5099
2675
1684
1753
9734
0268
7088
1493
8470
9099
3469
4700
3765
9220
3631
9580
3235
3926
3303
0951
8406
5082
9245
3688
4300
7508
2330
1787
9911
8766
0460
2568
4018
6254
5466
7783
6806
2610
0068
5358
3135
6112
5458
0518
9493
5287
4045
8460
7341
6901
0502
6803
3066
6480
4435
3698
7648
4008
9161
0529
6438
2409
0554
6866
0113
3869
6749
5711
4243
0656
6503
1545
2148
1692
7381
9236
3273
0098
1193
5952
9287
6539
2786
4486
5222
4608
1017
3461
9369
4118
1434
3683
9196
6852
8949
9344
1272
4283
1996
7162
6492
9620
4522
0652
1741
7272
4813
1655
5892
5913
2721
6024
0482
8025
6132
7995
2577
2796
4057
8875
1148
1222
1914
6392
7101
8630
4256
7826
6443
5972
4090
8708
3397
0697
4330
6125
6775
3554
2726
6893
1762
5825
9222
0874
9678
6093
9763
6191
2278
6559
6491
9267
5234
1069
1390
5478
4541
2878
3100
7244
4703
6172
2988
5721
1846
9887
7972
4106
5081
5039
0534
8288
2226
7888
1302
8047
1201
1989
0049
8405
3498
1621
8910
9741
8811
6642
2257
4659
6059
6466
7709
1093
2212
3360
0952
5043
1752
4806
1167
3767
9628
6634
1032
7038
6022
2687
7517
3555
7153
9513
2642
4341
5750
4915
0500
7980
8607
4361
4232
5196
8077
5016
7963
2843
2895
8229
9410
1624
9957
4140
5412
3319
4368
6800
6805
4466
3570
7782
8822
9347
5794
1789
9822
1509
4588
3430
2966
8410
0186
7747
1871
7879
4865
1790
1742
2810
8371
0140
6238
9265
5860
5807
6552
3390
5085
9374
9366
4678
8625
6343
3998
2768
2788
5031
8682
3341
5806
7339
7960
2404
7132
7984
2907
2880
3197
9711
6957
4988
1857
8857
8560
2269
9893
0866
9934
5921
8975
4415
7787
3413
4389
9776
4932
2112
3260
7542
2116
7755
7091
0776
2291
6434
1285
7267
1850
7742
4314
8837
5076
5462
7259
4004
0516
6411
5041
0074
4246
4951
7146
7399
1642
0155
2293
9888
0062
1365
9488
6088
3340
8969
1814
9478
7934
1533
7766
4547
4137
3265
7277
8135
3635
3095
8221
6481
4304
6414
0492
0588
4986
7276
9966
8174
5168
4854
7128
6898
4645
1614
2440
2572
6350
3691
5461
9731
8505
6687
5388
5334
9001
2283
5122
0252
6925
7893
2614
1889
0212
7067
3764
9152
2070
8634
9440
5754
9875
0805
6989
6107
4980
6975
9810
2289
4798
6015
4202
6787
2821
0617
3420
2656
7634
1065
0368
8667
2446
6728
9912
5709
3345
3967
4234
3277
7898
5949
4738
0119
3502
7433
5459
3438
7445
5694
1342
3506
1458
5187
0036
6473
9687
6286
2659
0031
9409
0932
6057
6886
0509
4570
2622
3531
8510
5855
9808
3354
3301
5308
0090
9769
7184
0984
8105
5500
1505
7836
7484
8183
6381
1057
1759
1657
2759
5511
2131
3648
6386
1829
7051
1437
5315
4632
2306
2585
3909
5578
8449
4050
9733
5377
3924
1306
8521
0931
5050
5029
6949
3205
0109
8876
5526
1809
0729
9607
9636
2462
8342
0936
3708
3428
5245
1873
6565
8388
8613
1560
2510
5504
5497
3743
5991
1098
8576
4114
2525
5917
1155
9726
5456
7336
0480
5783
9672
3561
6176
7400
3626
6446
0067
9772
3739
9896
9693
9527
9947
5809
0810
5796
5060
9591
0990
1296
1492
0818
3067
8117
2130
8485
9396
9173
6337
4274
2319
0671
1975
7867
4666
7242
2349
6881
1758
9504
0510
3017
4310
0582
3823
0887
1331
4746
6304
8492
2405
2249
2773
1778
1888
6836
1633
2192
5545
3745
5410
7495
6851
5354
5236
8834
8448
1874
2221
1923
3216
3164
7834
3838
5330
7769
8091
7109
4054
8846
9549
7674
8913
6352
2607
2041
8158
1467
7440
2831
4472
2573
4047
4089
0977
4916
0358
7374
5702
6629
7900
6448
5919
8053
7941
6906
1518
1771
3077
0885
5087
7100
8756
9380
9425
2981
1484
9345
6324
9090
2413
9093
4103
1293
5416
6338
2149
6982
9530
9811
9426
0481
9923
4676
7810
5161
3876
0383
1693
2783
1556
3958
3282
0553
0630
2863
5623
3485
6342
4051
4186
5989
1617
9586
6869
8938
1576
2532
3133
1019
3056
8240
8358
0578
5753
8534
2790
0785
2033
3680
0717
7907
0405
1227
1661
5143
0159
5834
3462
7462
3718
4136
6704
3552
0165
5507
1456
0004
1073
5840
7437
0040
5485
3238
7199
2860
7540
8692
5111
1267
6575
6305
4468
2945
2691
5817
2039
6512
8263
4771
7185
1575
6696
8089
9100
3726
1798
3571
9229
7238
2451
7283
2191
1086
3327
5569
5945
2574
6650
3147
8804
5492
1355
4066
6840
4122
8399
6439
5659
7211
9596
8986
8774
1487
6520
7989
4906
8277
9544
7366
0060
2444
1179
9760
1395
4706
4110
3800
1313
1536
9960
6548
8468
1228
2088
6888
6547
1968
8185
1189
7698
6557
8746
8331
3847
7983
5073
5380
4947
5672
2464
8467
9298
1593
4955
9312
7080
8677
1578
8528
2559
0471
0269
3123
5053
2353
7477
8926
8773
3669
2544
6571
0560
9317
1898
1039
2122
5464
6457
3775
3465
1386
4318
8757
4303
4914
5290
5766
1920
9272
9411
5007
5250
6703
8374
3790
7719
0916
3189
7749
8092
2357
0215
4802
8430
7286
5375
3407
4788
4461
8849
3118
3731
6319
3612
7371
6333
6101
7055
4380
3062
1925
9105
2730
1100
7804
2876
5908
4430
6416
6489
1694
7559
0641
9072
5613
4760
1305
9933
0581
7685
8370
0577
3174
2854
7301
0354
3121
4584
9583
4293
3223
4193
9269
9696
1691
4168
8038
1879
2076
1153
2777
4563
5995
0250
5816
7680
9484
4031
8737
4335
6023
7123
8352
7328
3769
5654
1351
7971
3467
9373
6413
0001
3217
5434
8930
4535
1963
8484
6007
4035
0775
0504
4012
0050
5255
2156
4875
3610
7337
3154
8170
5887
0643
8443
0464
5858
9276
2848
0088
7264
3702
8214
7584
5215
6662
8672
8798
7690
6003
9955
4667
5387
3568
2782
8344
8950
9616
8155
3122
5386
7580
4658
7988
9070
4313
8487
5979
9185
8321
6904
9878
4040
3733
7289
2304
1109
2767
5661
6727
6885
1417
4652
2825
5419
8622
5142
4878
4696
7518
3841
8574
5696
2436
3630
5560
5320
7808
4594
3348
2401
0907
4418
0351
0739
2009
3142
9188
7453
8226
1658
9821
0086
4724
2109
4145
9339
7256
0968
6829
4729
8584
8075
3941
9075
6193
7891
5996
8495
3659
9862
0408
3866
6905
1115
7379
5782
3285
8387
2578
9165
5067
7781
6167
3748
0573
0903
2845
8096
8706
0749
4942
2129
4459
4204
3975
3190
2888
1938
5729
4046
3692
2584
9226
9270
0814
3495
5301
9415
7355
9651
4194
0012
9335
0488
4414
3972
0860
2175
7262
0755
1389
5258
3287
4546
1130
1067
8601
2739
1281
6753
7651
6075
0013
5558
6388
1210
2263
6442
5074
9000
9578
6583
1962
8520
0999
4889
5644
3578
7069
1012
4143
7320
6237
7452
2031
0363
8461
0246
7249
0706
0134
7009
8474
6656
3596
6461
9444
1175
5341
4228
8193
8355
9925
8015
0490
0622
3977
1915
3849
7102
0589
7852
0687
9573
0029
8131
4856
0699
5583
2686
5302
1732
3325
4689
9642
0716
6789
8308
2261
8994
7819
7729
1488
1282
6359
6713
0922
5431
8985
0073
8351
8273
9798
6795
9315
8825
4756
3158
4499
8247
8276
8394
7737
1544
8411
2722
3201
9853
3104
5737
5013
8237
5260
4597
0397
2195
4946
8818
9627
7887
9985
8325
7538
4346
1451
4996
0319
1300
8990
5348
2653
7228
7526
3479
2847
7865
8888
0601
1072
6094
9998
4998
8829
2220
7456
4861
0364
9735
3792
0093
5406
1929
6215
4989
5291
3952
4853
4215
7998
7762
7319
8674
4487
8525
3442
1559
4030
8776
9117
3762
2742
4360
2427
7681
8231
0373
9653
3619
8390
4345
8450
3781
0585
8304
3143
3392
0470
2350
8889
2363
1754
2103
1258
3312
0552
9039
4775
7798
3799
4596
1010
8828
2729
8330
3382
0056
8914
3667
7475
0221
2630
0379
2824
2162
3291
5068
7958
6449
9587
6663
3534
2381
7932
5572
4948
0304
5768
1122
2946
2168
7979
5922
0179
1318
8066
1780
5846
3411
8472
6847
8782
7103
8826
7112
9389
4491
3663
4426
9308
9357
6156
3589
1832
6261
8241
4480
6205
2575
3093
0009
5335
5999
2634
0710
0294
2792
2650
6184
8841
1532
2706
7165
9109
4902
1765
1149
3410
9058
1666
4868
4548
7876
0185
8363
8295
4635
1584
0016
8274
5897
2354
2217
2250
9828
1496
8380
5405
7552
6158
7947
2124
4412
6058
2923
0875
3968
8434
7793
8041
3384
5930
5152
9643
6313
8356
5130
2232
5442
8604
8208
5704
0197
2670
3388
2461
5844
1107
4442
7334
8552
4155
6824
9719
5283
3280
7694
5903
5530
6257
5760
2259
6241
2016
7753
8788
4208
1173
7488
2865
1489
0416
9716
0328
0701
8681
1344
5077
4851
6155
2703
5522
9666
1186
7327
9010
7811
9654
4847
9851
4521
9305
7141
2748
4419
0880
2200
0574
3658
8453
5126
7577
8072
7881
0332
5707
7928
3725
8856
7086
9909
7600
5030
4087
1104
0208
3450
9162
4850
0184
0914
3861
8309
8919
0664
7705
5765
2571
9458
8148
3752
2685
9490
1286
2994
8696
3618
6780
5739
6818
3332
6462
0337
1865
9511
2292
9401
9328
8220
5493
2144
1229
0672
3245
2007
8239
2415
1557
3550
7302
0935
0660
5267
2745
8603
0889
9420
4112
1126
9465
2154
6835
1025
7855
3294
7571
9829
2936
1651
4121
9042
6970
6030
3471
0603
3848
1362
3913
0303
6398
8660
7655
4682
5467
6174
5460
5660
9397
5933
0615
8886
1026
6699
3088
5261
9156
1085
2754
1062
4026
0174
4874
9602
1280
8283
8996
5238
7457
3356
2204
4169
6566
0003
8618
9467
4930
2329
6026
1943
0034
7450
3489
3487
4713
2424
3679
6099
5227
0763
3744
3970
1270
2612
9977
6179
2951
0146
6379
5798
2215
5938
4003
2595
7207
4669
4299
0649
8698
1315
6876
5836
3039
4799
9243
7121
4864
0367
4654
9598
6505
8211
0371
5662
5934
5594
6079
8879
7142
3811
0267
7741
5408
7347
4291
1407
8592
1988
6527
9526
7000
7597
2475
0007
1738
7090
0786
6820
2498
8538
1687
5393
9831
6283
4837
3870
5012
6717
8819
5740
7154
1506
9331
5775
7940
3391
6067
2014
4841
5202
1590
7499
8314
9705
0611
3759
9876
6567
3068
5882
1939
7035
2931
0494
4086
0539
4860
8864
8748
9417
0813
8554
7015
8479
0871
8960
3317
2338
6594
0254
9282
7273
5692
8719
5279
5269
9894
6694
6440
0301
0264
5066
2071
6427
3232
2985
5967
3937
3463
7263
1083
1852
4741
8668
2617
2374
7376
2506
3186
4267
6133
1330
9713
0291
3222
4753
1702
4396
0852
6071
8446
8310
0219
2993
9171
4797
2187
6164
6542
1900
5574
9456
7149
9170
9402
1842
5615
1259
7058
0026
9247
1445
4227
6408
8541
4028
4337
8204
6848
6604
4364
9418
4675
8313
5755
6296
0474
5307
1797
1385
9285
8516
1853
7582
5677
8557
5521
9480
9638
4715
0629
1990
5117
8885
8124
0605
3988
1459
7002
3738
2441
8145
2683
8493
4165
7541
7711
4084
7629
2719
0915
5944
2492
2892
1588
0650
4413
5970
6220
5401
8699
3474
8973
5645
8069
1124
1746
9661
7247
8132
8655
4034
3255
6592
1004
4518
0149
3819
4488
5727
7042
3915
4278
4979
9176
9668
0376
6706
9837
3907
1152
6601
0530
8497
8881
0275
8323
6136
9102
9044
1941
4815
5303
6134
0517
9225
5770
6455
0195
5744
3362
3858
6367
3455
7428
9244
5471
9065
3261
7915
1531
7878
0293
4899
6555
7564
2991
4321
2835
2974
0535
7314
7178
6736
4765
8421
9076
5252
3684
3720
6231
3086
9101
3266
5042
7586
5295
5841
5905
5480
3642
6032
3389
9757
0446
2017
8796
0770
6498
6756
5789
6105
5033
8770
7401
5652
9046
4909
0859
7198
4958
0663
3830
8993
9718
1265
7860
9984
5051
6772
2838
0645
6017
0685
7611
1499
2300
5607
1510
4680
6522
8177
9358
0595
8157
7771
6175
6310
6558
3015
9942
0189
9703
1411
4119
4174
5915
1663
0143
0948
1183
0475
8717
5259
9129
1807
1747
2483
3128
3592
3475
7649
6532
9116
9323
1628
1234
2448
2886
1429
3985
5229
4976
1579
7158
7150
0449
0266
5108
2983
2747
4251
2173
9353
8428
3412
6331
1682
3082
4834
7070
9138
0027
0006
8149
3569
7056
5987
0227
0011
0014
7696
6741
6877
1023
8784
2139
4437
7717
0046
6476
4369
5292
6693
5090
9050
8003
5731
9879
7646
9567
3898
1924
3865
7296
8123
2188
5427
3608
8577
3234
6084
0437
3385
1570
4102
5119
6044
8466
7006
3982
1477
6020
0666
1048
6227
6956
2794
5135
1378
0816
2102
9130
5294
5296
5174
7652
7404
6815
2388
1423
4185
2692
2184
3114
2638
0191
1022
5263
7534
3895
2986
6920
0670
8555
3846
6425
3002
7977
2655
0549
5821
7500
3660
0362
1856
9071
7791
1708
2564
1349
0744
0432
7478
8417
9564
7116
3749
5598
2734
0024
0273
8334
8638
7974
5735
4292
9706
6974
3889
2990
7687
9203
7493
8689
2454
0343
9677
9704
5699
2364
8524
5147
0089
1308
3888
2674
6964
6203
1967
9327
9900
7880
0971
4742
2601
0614
7955
1619
3456
4082
9457
9863
4606
7492
2081
7380
1108
6550
5785
3981
7027
3459
1974
5150
6697
8338
6521
3165
0180
6348
7987
3520
2814
9088
0527
1106
2851
2929
2004
1137
8563
1440
4497
0356
1117
1728
3703
6056
3511
9812
0181
7216
7297
0918
9212
8887
8565
9487
1618
1457
1892
7333
3553
8189
6475
7226
4648
5850
5417
6981
6037
1068
3103
6723
9348
6250
4872
1020
3867
1178
9521
7642
5668
2465
5072
0440
3987
0038
4129
8143
7221
5767
9471
5925
3899
2128
2746
0314
8115
6670
5724
5793
3793
4109
5762
0777
5959
1839
7078
0792
0995
0514
9849
3290
1162
9694
6853
0834
5228
7389
8007
7660
0762
7368
5790
3007
4992
9053
5372
4288
0682
9217
1984
0313
0640
2975
2889
0957
9262
0800
2631
2458
8332
1294
6228
3283
8641
5186
6626
9022
2402
5886
7127
6597
8582
4866
5975
2646
3472
5786
5862
9708
2644
8932
5749
1930
5463
4978
2336
7438
3054
6380
7415
1675
2787
9652
0243
7224
1679
7066
2268
1887
3540
2868
6153
5316
6097
4886
3627
9268
2239
5035
4538
1995
5904
5523
1783
5192
2663
4447
7496
4333
9840
8915
2380
6682
7340
0292
4623
3754
8723
7436
6247
1190
7087
9023
8486
0954
2758
9761
3363
2348
7954
7871
5849
2547
4807
8280
5494
9566
0486
3112
3629
3959
3108
5305
7754
0127
9140
8403
0353
9363
7018
0286
1461
3992
9847
2962
6187
9570
5804
5248
8903
4289
3398
5839
3162
3588
9197
3009
1921
7981
6244
7382
4203
5778
4751
3272
3536
6600
4795
4130
5868
5306
6665
1528
3249
6139
4373
9251
4869
5383
9273
5720
7658
4429
7169
9861
5714
5891
1172
6537
3109
2844
5203
6301
5343
2505
8771
0524
8711
3377
7106
8156
5637
2587
9439
4611
5125
2281
8093
9259
4638
6979
9235
2428
2478
2699
7237
8587
2410
4019
9388
1469
1075
8979
4504
9519
2223
8939
5400
4551
9177
4794
3454
7032
5446
7040
6126
8882
2961
0330
9537
5314
7789
7448
1127
7677
9297
0316
0096
8501
0609
3750
9084
7777
8095
3614
3421
6474
0348
9867
2978
2901
7504
9597
6969
8242
3315
3735
6387
1382
9600
9119
7513
2115
1136
1869
3037
1412
3587
2910
3279
0248
0525
8414
1907
3185
0754
5360
0476
2421
8291
2166
8457
6236
9633
5270
6841
6482
3038
4983
8020
0616
5086
2830
1238
5364
0302
5113
7935
8636
4205
7670
1748
2468
4152
8187
2952
8144
3957
8357
7714
5022
4262
7085
9824
7220
0441
7388
2252
4229
3458
9962
3367
7795
7414
1653
6385
5856
9237
4387
9193
2935
4681
5141
1932
6873
5847
4219
4323
8150
5686
2488
7164
6121
2331
1820
3400
7179
4953
3989
4252
1327
2671
2001
6435
9180
8142
0725
1645
1599
5369
8216
8121
6226
9848
9332
8219
5498
7073
6420
3418
8700
0924
9324
8971
0231
3919
4409
4890
8271
8186
5741
1432
6584
5688
7181
9253
1141
3572
2813
4822
6458
8898
7975
6762
6061
3806
3625
9846
1890
9080
6622
0737
8432
5368
8580
0854
2060
9622
8761
1835
5116
3401
0072
2999
6695
1425
6545
2765
9935
6399
4679
4609
9384
6270
3090
5415
6080
0791
6076
3447
2274
3124
9414
9091
3130
2836
2083
9685
4384
2201
4921
6160
2235
7724
9413
8375
2198
9019
6201
5918
7233
5026
0562
9393
5385
2332
2536
5914
7625
2248
2621
1515
9025
8694
2194
1859
5859
3148
4779
1640
9886
9550
1862
7863
9382
7701
0735
0282
9880
9610
2591
6029
6899
4254
8716
0283
0734
0044
2996
3460
3417
7768
3661
2290
2165
9843
6260
3521
9279
4633
6165
5595
8464
7064
2859
3932
0124
6769
4532
3116
7248
8073
1118
2197
0245
7725
6914
9024
2526
0209
4179
1120
2295
0204
9061
7222
8645
8188
0923
0388
8984
9322
4206
8964
1381
0555
4702
9560
5063
6054
2074
6395
3199
1249
4520
6963
3822
7961
8740
5510
8697
6770
3868
8693
9697
6616
6186
6667
1205
2079
9509
5575
7052
5024
2998
0473
0265
1926
2113
1202
9341
3535
8019
9702
8529
8513
6242
3717
6935
3586
2530
3320
1157
6588
6907
9594
1393
9489
7712
6868
1471
1966
3990
9169
6757
7291
5732
5342
9699
3444
1601
0361
9038
5115
6647
4247
4661
3396
1424
7342
2774
1028
7537
2406
9167
8238
1441
8649
6724
5069
3640
0108
3012
7007
7840
6649
9842
4052
6470
4613
9930
5390
5633
4579
9250
3006
6376
3617
9791
2926
3994
7906
8483
9807
4769
9274
5058
2062
6428
7377
8912
5831
0369
9431
4061
8232
2020
0976
2837
1168
9768
0522
5705
8664
0483
2919
6127
0774
4342
3337
9240
4263
6676
4662
4411
2776
5362
0232
5021
1251
1703
0278
5420
9143
2347
7290
1717
1782
4770
6641
6927
3934
9329
7125
1024
2284
7869
1271
9216
6748
9858
6402
6730
3925
1503
9062
4863
8840
5956
4784
7505
7140
4827
2757
8539
5361
6543
7044
1462
4636
3962
6996
9881
9030
6618
9405
5003
3773
5034
7050
8381
0497
6551
2049
9092
9571
0571
5769
6188
3239
1196
0515
8442
6822
2159
6939
9275
0801
0299
5885
8714
9916
9083
2605
6444
8564
2897
6073
1716
3537
9337
9996
5963
9561
3801
2262
5225
6441
9378
2881
5001
3369
5955
5958
8745
7117
7372
6468
5495
3615
9227
8997
8726
5636
4601
4037
2485
7583
7544
3065
9033
8244
8098
6858
9542
0831
6684
0563
0979
7292
6960
1670
8783
8542
6049
2911
4135
3436
9379
6258
1110
5643
5470
2700
6722
8209
8779
5941
3033
8494
1603
1743
0736
0170
7362
7065
2101
2781
6633
8827
5983
3394
2710
8139
4912
2206
6486
3179
1818
5588
2056
4408
8035
1976
4236
1828
6213
2420
3344
7005
8944
0466
7133
8319
8404
6705
0335
0838
0654
1714
1295
6582
0454
8024
0422
2648
7305
9832
3050
4714
3482
1530
3794
7293
9520
2940
4876
1042
4308
5752
1630
9534
0172
2504
7230
0097
4650
0274
5359
1594
6894
7455
5136
4363
7726
9854
5813
1688
4117
9231
9779
1463
3034
3942
4175
6991
0167
6404
4575
6406
1944
3011
8966
2470
2511
8600
9009
4619
0683
6726
4338
8045
5700
1718
2987
3676
1364
9799
5428
4297
9215
9789
6501
3672
7759
9114
7131
8619
5379
6747
2369
4009
7567
5567
9679
1323
7602
2339
4355
2251
6221
9563
5835
5109
0182
9219
7470
2725
8462
2771
6810
2037
0019
6953
9676
4458
9320
7243
4616
9771
4673
5433
1985
6581
7820
6855
0041
9683
2210
7279
2035
8032
9917
7212
8289
4884
9649
1548
0557
1016
6624
9306
2393
8235
0667
8644
5973
3689
4985
1648
5803
9897
4920
7938
0591
6362
6131
8114
9172
6469
3415
8315
7857
0793
5556
5276
9632
6472
7138
2560
1375
1685
6986
7028
8050
7659
9990
4139
7679
0233
0891
2620
2469
8709
7489
9656
0856
0901
4317
8254
4167
8478
1421
1500
9528
7183
3403
2077
4513
3611
7593
4132
9599
9738
3624
5313
9252
2169
4820
5477
6655
5525
5436
9928
1639
6415
4463
1392
3284
1882
4839
2924
3253
0117
6791
0230
8707
2938
3954
9125
4259
6990
6436
5520
3923
4493
3581
9036
2326
4295
4557
3153
3597
6572
1094
8729
8720
4574
3020
8006
5173
2873
8891
5048
7393
9103
4273
5297
8627
4674
4238
5381
4007
7413
8429
6450
1927
9903
6262
3544
1861
8108
1159
5826
7533
2751
5107
9209
7730
5389
2063
7844
0340
6936
5553
3512
1371
5838
6950
3075
6714
1652
1284
6813
4470
8426
3422
1901
3129
9801
1368
1649
8793
4965
5747
0366
6758
0058
5854
7641
8317
7467
2898
9460
0883
8972
8551
3646
4237
5134
6137
8659
9422
9624
7356
9003
4935
3591
8384
2397
8265
8062
7210
0477
6222
7843
2943
7285
2625
0961
4782
0210
9346
0600
7917
3151
1388
7466
0726
2186
8473
6599
2772
5242
2351
2126
6295
4039
3203
4732
3524
1050
7416
7418
4150
8710
8862
7952
3551
2367
0597
3686
2658
3920
4568
7054
9639
4482
4233
7689
8753
1751
7497
8639
1147
1785
0164
5112
4372
0661
4357
2254
3886
0148
0426
8037
7654
1723
3013
1567
8438
5570
4476
0493
9450
6827
1218
0533
4846
4625
8471
0730
8958
9518
1479
5591
1320
2833
5823
5404
5137
3613
8530
7585
9804
9730
0240
9658
7592
7430
7812
7872
0695
7323
2707
9035
6355
4032
3813
2434
1804
7494
8439
7920
3675
3085
4404
1613
1475
9796
5098
5566
5630
8992
5852
7143
9778
2355
6631
1358
8509
6679
3761
1200
3529
5483
1166
9582
2942
6658
0256
0541
4108
3857
2808
9764
2834
0657
2917
2800
1965
8017
7509
4952
1121
6336
9547
6011
8725
0242
4603
6294
1187
0100
4642
8823
7168
9745
8998
7246
7590
2085
2533
0032
4895
9449
0532
4908
2119
1288
5319
9866
6122
1841
1450
5502
4134
9210
4892
2922
1096
5011
9523
3839
6403
2566
4017
2633
3323
4994
2750
6424
0002
6940
7957
3771
7338
3971
2091
1631
3499
8687
8848
9986
4968
9199
8612
1433
6648
2414
6454
8359
0022
1170
8860
8347
1571
1145
0153
6971
2335
0799
7817
1554
8087
1836
7985
7251
0567
6511
7666
8179
7688
0206
0139
5865
3696
1195
3722
3835
1307
0789
6214
9014
8312
9377
8951
7093
0315
4828
9074
7751
2484
8278
9667
4209
7195
5224
1806
2569
4736
3812
4627
9214
5736
7092
2896
4900
0804
8654
5722
3774
6490
9910
2517
1811
6523
0881
3713
5284
1312
7924
5906
8907
0821
1326
4917
9371
1581
0700
0753
7155
1322
0965
6983
1430
9430
2654
4489
5549
0628
5896
9286
5901
0380
6390
8839
8259
4849
9684
3119
0222
6519
5542
8786
9474
3963
7502
4831
6144
5791
3176
8800
5666
7402
6569
9671
2218
4385
8197
8191
2365
5986
3666
3060
9954
7806
0528
8234
2193
2971
3144
8955
5032
4253
4010
3598
3530
6095
3070
2046
5787
0238
4646
0121
7796
9280
6378
4735
3305
2459
5131
1394
6603
0306
4683
5182
5505
8661
1380
4197
4312
4845
5584
4158
9202
5184
1625
1233
6265
7521
6834
7312
4511
9290
2207
2500
4078
1090
6471
4016
9113
1138
8736
5357
4189
3632
1673
5120
1221
2285
7284
8320
2296
7025
1961
5667
4933
2383
3342
8987
8407
0052
7427
5218
8378
5600
8732
3155
9213
5848
5149
9510
4995
8376
4029
2641
1958
8657
2453
3916
7767
2588
5873
0704
4500
2728
9895
9931
1372
6615
8343
3671
3374
9647
3921
9359
2973
1181
1483
7516
3670
3947
0147
6942
3405
1739
9495
0586
2086
8395
1403
4663
4805
4590
5948
6796
7245
7476
1796
3107
2417
7417
9559
6568
3906
1316
9612
2100
3375
1056
0593
4842
4450
3825
3102
3004
8302
1705
0141
3001
0042
8080
0499
0781
6182
2456
9988
9048
1359
9852
1522
9149
3409
5322
5265
7734
7465
5424
5429
1904
8695
9675
7060
4444
3184
9752
0472
2045
3113
8299
0583
9338
2681
3488
9823
7612
7637
3681
6890
1592
7369
4677
7203
2246
1097
0217
1402
2964
5399
6843
9871
1414
9288
5971
0162
7801
1481
9395
5154
9293
4101
8663
0142
7217
5409
2167
1623
0218
2891
5490
9604
4737
2874
1564
3051
4808
6288
7740
6912
2078
6831
7386
0939
7854
2651
0894
4226
2431
8817
1816
6992
2720
3370
2307
7890
0673
5581
4832
7268
8249
0676
6464
4002
3324
0896
3140
1736
3574
1444
7966
3668
8264
4290
4730
0261
3804
5738
7454
0324
1558
0902
6494
5924
6259
1033
1627
8531
9569
2680
9512
3246
2370
2979
6685
6988
9732
6208
9976
7991
2247
9698
3278
7421
5298
6913
9204
3084
1740
8055
8767
9803
9115
6701
2143
2799
0370
8168
3302
6282
8929
5191
2245
4634
4261
8871
7608
2490
7594
0128
5516
7010
7003
0727
5275
1275
2664
8372
5547
3778
2616
7084
0669
9254
1910
8970
3355
0249
5503
6041
3736
1005
6507
5140
6329
3715
1994
0277
3286
7618
3575
8018
5708
8258
9107
5019
3271
1626
1849
5413
3349
3099
3673
8178
1360
1298
4235
9920
1897
2455
7394
1894
9503
8500
2850
8532
1374
3227
2718
5345
2361
5517
2947
4991
6087
3516
7520
8691
7020
3484
4549
9883
5843
4708
2592
3453
8982
0415
0338
7640
0285
7848
6194
6233
2068
7072
2487
3729
9051
2243
2995
8916
0943
3776
3040
7345
4924
3359
1697
9592
3250
4534
2915
2163
0587
7728
9727
1885
3252
1046
7864
5496
7024
4962
3081
9078
8402
5254
4011
3045
2906
4434
0548
7821
6183
3509
0938
9454
4498
7664
2812
7434
7692
0213
3156
3145
2785
2529
4803
3795
0365
2944
1464
9201
3429
6577
2164
6760
0955
1665
4599
5764
7598
7647
6540
0425
6111
3802
2276
9223
0080
3657
4607
1757
3677
5312
2602
0485
3818
8880
6932
4885
7105
9079
0413
5939
2123
1672
7408
4774
9787
8169
8061
7287
8775
0305
0239
3560
7738
7825
4811
7735
8633
3584
7432
5457
0310
2032
6712
4508
9754
5065
3699
8893
0708
3798
7663
2277
1561
8906
5144
2857
7911
6344
7045
0419
6985
8316
6318
7697
8029
1216
5349
6734
4923
1598
7595
6742
8967
0569
2823
5165
5837
7885
7661
4945
4423
3221
2826
1063
4371
5531
8328
8012
6202
0822
6445
0082
3950
3727
6533
3168
6113
2537
1637
7702
6612
9164
9774
5723
7720
2481
2093
4255
9461
2050
3881
6068
8922
3496
4249
5695
1546
0123
1340
4056
5582
4441
5158
6499
5828
3493
0807
1212
0451
8749
3497
3300
7964
8137
4505
0385
0564
9233
0169
6965
6856
1749
4761
9145
9959
3710
1006
4824
4343
5397
4093
6865
6140
3609
3707
4719
1858
7774
8153
8730
6538
4593
3380
3763
7515
5450
2712
0877
5382
0625
7576
2327
2253
6168
9552
9142
2438
0251
3399
7859
2377
8662
1580
4882
0427
2523
6051
4639
7026
2280
1027
7447
4855
8909
5200
8854
0851
0410
9015
4954
5577
4783
9884
9555
9447
0289
9340
8266
9890
0508
8222
6322
0350
8579
8545
8458
2439
6162
3159
5982
4162
5680
6255
3948
3328
8942
8425
3565
8167
0496
6773
3233
3827
2366
1538
8152
1913
5889
0817
4099
7536
8400
5146
9936
8844
8160
7573
9242
8617
6418
6812
2445
1726
0757
8874
5929
1604
2840
9292
0237
8324
0339
1431
7137
0308
2711
8138
6339
5774
7373
5353
7481
1361
5746
4156
0207
8306
6500
1955
6698
4151
5129
2959
2867
2997
6268
6804
1452
8000
1768
6249
2869
0326
0686
3602
2171
5311
2316
5625
4358
2708
6021
0542
9281
8100
1304
7622
0393
2538
2287
2626
6710
4926
4257
4496
8290
3445
9419
5751
6150
7239
3803
4600
5895
5285
3078
1831
9496
7842
8859
3897
3956
4406
8373
2024
5780
2606
4329
7555
0634
0132
6832
6994
0296
7049
9429
7861
3014
0372
2842
0827
1523
3406
5779
7892
6234
3281
2125
2142
8194
0406
4325
8820
8850
9588
0171
9634
5609
5710
7662
8161
9915
1540
4672
2497
0812
6602
9805
5927
5061
0201
9593
6314
2611
8547
9336
8482
0764
3539
8490
9625
8611
2069
9459
1704
8133
9064
8042
3914
4260
1543
2545
2043
8068
1185
6271
4120
5997
6124
3549
3786
6042
7557
9453
5083
0198
5054
2072
2666
7258
9032
0461
4516
7510
5025
7074
9967
1226
6529
8572
6072
2179
7524
4630
8591
4424
4929
4348
6431
1712
9927
2733
2528
8666
4565
7420
1517
5536
2676
2628
9073
0668
7901
9941
2918
9349
7930
4214
6934
5044
1328
6302
7715
5264
8976
9063
6707
2852
3178
0721
7197
7845
2208
1279
5658
9758
9850
5156
1992
9260
1114
6180
6460
7919
4755
3309
6038
7588
0344
6902
5104
8760
2358
2423
8624
6159
3435
1052
7159
6639
7761
2015
7275
6169
0028
3837
5874
6884
8408
2894
7174
2450
6745
0658
7936
8456
2127
5432
1553
7838
5799
9961
2005
2375
4386
1182
5153
8476
2690
1596
9869
1317
6070
2494
3730
4448
7673
2090
9744
4133
4512
6253
7976
1981
1644
4506
5605
9506
5096
3873
5830
5435
7332
4687
5138
9983
5365
9590
9194
7357
4718
5079
8172
3903
3674
3404
5046
3541
2643
8413
6931
0327
1243
4069
8268
3331
3842
5472
6433
2190
3047
6867
2548
9546
8412
1761
7300
9481
2693
8965
6778
3547
0241
4320
0349
3211
4550
4212
9356
2760
6821
3517
3481
0709
5552
7435
5671
9991
3542
0359
3480
5937
2471
2038
0756
9230
1224
4070
8878
1197
5281
2972
7837
2594
5049
2260
3687
1830
6177
0099
2925
7706
6816
4393
0037
5240
7802
8933
3814
5822
1734
5940
1321
9948
9056
6281
7331
4362
8245
0899
8643
8842
6239
6243
3879
0386
1706
6320
9929
5920
7780
5449
9844
7177
6407
6606
9815
5586
3120
7406
0712
5599
2255
1867
2887
8561
6746
5176
0862
3533
0094
6636
0300
5772
8620
6382
8652
6817
0193
7722
9412
7062
2059
8392
5743
8704
6941
6031
8433
9999
7348
8908
9155
6930
9386
5690
0138
7566
0937
6933
1810
3580
1823
8853
5286
6528
1470
5992
6871
0129
4862
2885
0459
9613
1864
7886
3209
7063
3928
9845
1612
3840
6043
6120
3980
0377
8815
6830
7186
4043
9714
9304
7124
0501
8519
5827
9994
8679
0547
6838
7527
6585
7621
6069
2099
5524
9751
6116
5907
2934
9133
6013
7757
5121
0160
7191
0081
6861
4085
8227
3330
7303
6195
0095
1095
6488
1947
2829
3953
9232
6508
7716
9949
2801
1015
1383
3653
8279
3304
3605
2333
7043
1998
9908
8838
5300
0120
5664
1446
2555
6374
0766
7739
1034
3519
1018
9932
2927
8824
0858
9728
7926
6671
5872
2094
7830
9565
8275
6669
7008
7851
5777
5282
6692
0592
4572
1418
6246
4767
6400
6328
2061
6147
2382
1055
4375
9750
9501
9089
9451
8941
2717
3446
2516
7280
5481
4125
8078
4272
6870
8345
2141
6209
7232
7172
0850
0260
1674
8981
3545
4161
6668
7160
6854
8327
6621
6129
1176
2551
5706
3860
7927
7392
7511
2196
7562
7206
6857
4937
9644
3289
0873
4843
8590
4804
3212
2639
5538
3161
9054
5928
4198
4240
7479
8558
2912
0963
8605
3230
4452
8063
8136
4566
2111
9603
3514
3885
1801
5327
7831
1720
3622
0544
1276
8401
7294
1585
9765
2723
4365
0723
6372
8809
8444
3758
7425
1935
2429
4517
5604
2518
8336
9264
4344
4059
0220
1413
3864
9355
8480
3408
2989
0450
5819
0145
9132
4280
6872
5486
9601
7034
4598
8058
8665
3633
3171
6605
7095
8928
4525
7603
4439
8861
7525
8386
3003
0059
7684
9515
6225
6229
3094
0244
1035
3662
6664
1465
6628
8877
8763
8656
7672
2849
8651
5950
8570
0536
4485
0015
7309
5376
0570
4148
1919
7474
2477
6995
8583
8791
9248
4149
5621
6976
5421
6620
8181
4816
4023
9819
0053
0780
7059
1793
9137
1863
7004
1494
8196
9246
4392
7903
0849
7667
2214
1045
3810
6731
9543
2882
9147
0424
6478
6860
7760
1942
1194
5020
7752
9211
5491
4823
6761
2672
6946
4844
4159
0997
7041
2466
0468
2556
9913
4123
1764
1777
7218
0733
6825
8621
4825
5169
7951
0091
2647
1246
3193
9445
6823
1250
8593
0863
1209
1290
3063
4433
1266
8556
0680
9018
1774
3452
1737
4553
2022
7532
8111
7110
1946
9562
9179
0144
4558
4545
4692
5884
7643
2613
4835
4901
8642
5916
6437
0998
9756
8127
5926
4564
5675
7253
0865
3500
4670
0576
6066
3141
8797
1103
9709
9780
2520
9326
2805
9141
2213
6152
3339
0070
9299
4064
4075
0255
0018
7047
3845
1037
5733
7617
3976
3198
9318
9943
0467
9817
7213
8447
2170
8103
4079
0458
4440
7031
1606
1092
3510
2950
5237
8744
8670
2110
3821
4153
9491
6607
8764
4230
1129
8353
5455
4176
2660
6230
5220
8013
6958
7480
7099
2698
1516
4631
1646
4754
9352
4649
7997
9175
0950
0794
2030
1727
3887
6356
8805
4694
7794
6171
0895
6263
0842
5350
3623
7967
2432
0033
4298
4068
4743
1337
4182
2514
4728
3322
9873
4038
2133
3307
5912
3267
6232
0061
7897
4475
3194
3111
6330
4733
5391
9905
2346
8947
7310
0878
2359
1526
8904
9766
6534
0806
0840
0580
1802
9827
4615
4973
3969
4443
3601
1091
2080
7785
0228
6240
4610
4403
3052
0771
4893
7472
8900
4284
8048
1448
5273
3219
9111
8440
9249
5974
0940
7870
6580
5473
0949
3993
6081
5757
2288
1435
4332
5866
2240
8297
6050
2407
8802
3526
4939
8920
1641
8833
3945
7797
7260
1261
1991
7113
8792
4436
2412
3607
7846
7023
0436
6689
2229
5655
2866
7914
7507
7343
8281
8207
1848
0784
1125
8685
4221
4768
4116
7200
4668
2668
0156
4244
6947
9856
9407
7644
4984
1917
4366
4195
5015
1262
8354
6089
8812
2531
8300
2635
6369
5641
4528
3709
8953
9963
5321
0387
2749
5159
3206
0566
0868
8821
1398
3665
8146
4961
0568
9278
7733
3353
9701
1851
9874
4717
2095
7918
9499
1701
6327
0229
0890
5541
1620
4819
3655
6504
9466
3973
7352
3022
3308
4974
7139
5253
9818
5326
0929
9688
3872
5532
3366
5070
6163
6375
2756
7266
7157
7306
0412
4544
8255
0000
1709
0779
0428
5418
9538
2362
9522
1387
4269
5430
8424
5563
0051
6556
6593
7014
6681
6625
5953
5451
5863
9321
2067
2763
8084
3295
3021
7081
2134
4076
3131
9669
6513
1332
9885
2334
5801
8586
9296
7196
3026
9759
8134
5797
2019
2501
1711
4053
8452
4698
2418
6765
0909
1725
6518
9953
9631
0703
3182
1324
4904
0409
3172
0956
0505
0523
8843
9572
9190
2899
1547
1264
4867
4479
4781
2618
4126
7939
0750
6465
1786
9635
1348
4184
7204
4036
8293
3101
4302
0828
1906
9198
8676
1504
1534
0105
4830
5181
1555
9970
0540
3371
1112
2682
8963
0841
2684
6680
6053
2389
4773
1299
8223
6798
6536
8852
6744
0688
4554
0972
1001
2137
2609
8475
2791
8074
2678
3878
5114
3247
5438
8648
0048
6412
6010
0974
1977
2320
2209
8128
9614
8759
5103
9441
0635
2493
6785
9394
0848
9313
0900
5199
4960
1877
9619
1507
5909
0438
1142
0047
6732
7676
4537
7613
7835
5657
0996
1669
9037
7274
6198
1986
3074
5414
9516
8162
6591
5833
7182
0063
1513
6354
4605
7569
7308
2960
4577
5508
4199
6844
9057
8562
3127
0853
8810
6596
3732
6768
0079
3777
9558
6060
5057
0689
9122
5756
9662
7786
5634
5519
1769
7792
0702
7693
4928
7948
4014
1101
5639
9031
1980
0631
5568
4852
6750
7487
2803
6298
2970
5676
2977
7606
0982
9747
1936
2740
8396
8360
0769
8959
4210
9153
4710
5118
5403
1338
6096
2624
8159
7581
8606
3832
8790
2343
7458
7746
6587
7429
6303
9239
7349
8911
0312
9659
5614
9433
9294
5231
8540
6917
0960
8957
0085
3196
1116
4685
3706
3933
5132
6325
4969
1891
8350
1099
7908
0166
3376
8499
5352
0627
6586
1527
8758
4266
0333
4402
9826
3476
6797
0728
9508
3293
4024
1405
4990
8858
2596
9924
9872
7875
5877
4999
8248
3335
5157
7682
3595
2160
8752
5105
4963
9899
1582
2913
4306
0116
6535
9531
8130
3240
0675
8009
7519
2044
3030
7630
8282
5171
7953
7721
8553
2958
5148
4571
5328
2258
1311
8436
0790
1154
8427
0787
8589
1144
6541
7215
1214
5763
9408
8813
4378
7631
2376
5571
3076
7208
7899
3558
5422
7422
7409
4764
4245
0102
4065
8646
8192
9067
2023
4792
1971
8230
4096
7057
8614
3936
1406
9255
0846
6306
3809
0594
8151
2916
9096
0606
0234
8415
0545
5748
9797
1008
9921
3638
2372
4222
9783
8166
1735
3254
8988
1903
9770
6719
4305
1240
2457
7354
9007
8365
3904
8678
2509
5773
3357
0869
2839
4910
5337
2645
0988
7615
9891
8897
5023
0983
7441
7731
2491
3166
8246
1724
5718
3210
6055
1490
7241
5512
3620
0989
6517
7909
5189
6341
3854
7868
8393
7252
6759
7471
8872
6091
4427
1278
5071
9980
9421
9283
9710
6036
3134
5550
3844
5188
3137
7255
9174
6248
2036
2379
5293
9922
5734
6781
2476
9029
5984
6786
4617
8445
0106
9665
9673
0077
9951
6515
9342
1191
5080
4977
4614
8228
0487
3871
8441
3504
5501
1511
3097
1184
8814
1569
4709
5966
8635
5592
0945
1260
8599
4873
8684
5194
3029
6874
0893
4793
5670
7579
0479
1794
3961
2054
6090
3862
3543
9514
7968
2956
2034
6200
2408
8799
5601
9833
4401
6459
0987
4399
2266
1549
7756
7229
1610
5304
1878
7383
6878
2598
7194
7713
6763
6554
3055
3146
3218
8504
3200
1745
6349
8680
0323
6921
7896
6711
9841
4786
8215
9277
4711
1472
7828
3590
7944
9224
7152
4473
5325
1812
7986
3402
4422
4349
5943
8943
9134
7114
6846
0272
3747
9120
3780
8079
7727
6845
8260
4656
7424
6903
7486
0498
3523
4723
8978
1952
6307
1815
3616
3884
3329
5742
3378
4637
5557
0978
9786
2921
7993
8489
0199
1064
8322
3468
8628
8750
0112
0837
3091
4836
3882
1347
4033
6207
6383
2282
4181
8076
9836
8506
4171
3031
9028
0235
6453
5441
6659
0970
4356
5518
4896
5214
3621
3173
4567
2181
0911
3125
5002
7411
6251
7364
4624
1696
3136
3946
4042
3036
6590
8469
7535
0892
0452
6782
8523
0325
8398
2743
1051
8503
8894
5336
2107
5715
8868
9438
1616
8980
5631
8071
2741
5788
0719
1339
7639
3242
7778
4395
8339
1036
6277
1609
3361
9882
8568
8597
7115
9626
3532
4877
1568
0271
5010
1301
7361
0423
6510
0111
4911
0738
8596
2385
7574
1146
3298
4490
3645
5910
7329
4048
4975
7096
1660
6771
9736
7261
2097
4604
3494
8465
3566
3585
0175
1834
7862
7426
3723
1401
9043
4331
6394
9464
0886
6563
3742
3593
8195
7130
7270
6952
9973
0347
9914
7686
6784
9081
3048
8901
8559
8733
3035
3826
2006
7824
3243
4726
7490
0742
2189
3779
3805
6360
4049
0826
7636
2565
1021
9008
1123
3573
3276
6370
5853
6729
1217
0345
0698
3562
9877
3220
7814
8125
2705
8686
7933
9146
1668
9208
3564
6850
9987
0069
5221
2216
9660
4141
1287
2557
7790
0224
3139
6924
2780
0513
1428
4492
8847
6086
7723
4172
7240
9195
8536
3930
5333
8945
4556
6738
8787
2563
0836
9158
9680
2561
2150
2064
9302
9906
4410
1059
1447
9066
8099
2058
0401
1255
9045
6384
2057
1577
2583
0731
8883
8931
5726
6999
2702
4248
8526
6316
7398
8751
0054
8835
9648
2608
5698
3966
3387
3215
7990
1629
0279
4643
1416
9435
9482
4316
2399
0392
9017
3859
7923
3951
8807
4578
1207
2073
8307
6833
0927
4602
1730
4519
8535
1074
6678
1686
9041
4762
7288
3515
1480
1964
5935
2053
4919
1071
9646
6280
5465
8213
8724
3364
0981
8806
1760
5378
6138
6422
5622
3974
1707
6733
7822
5864
4818
9743
3757
3269
6346
9640
7021
8974
3292
1635
4883
9462
0612
5232
3000
3470
1133
4142
4296
2815
1054
1521
5580
4191
4391
7635
6549
5674
1002
7902
7827
4690
2967
0384
7202
5266
4074
9637
7358
3912
6828
1520
4697
8789
4752
3027
0829
7764
5881
9309
0741
1902
0882
7311
7638
5638
3693
8060
2225
0506
2701
9864
7079
1180
2368
2580
0908
4660
6579
6807
1427
3816
8201
2265
6574
9319
4157
4407
9860
7193
0445
0352
5092
5514
2384
3059
8023
2697
7188
0357
0465
5911
5318
6047
6019
2713
5170
2737
0183
8243
8518
3890
8437
0933
2550
1419
7039
8741
2273
2155
8546
9016
2724
4592
3241
3311
7459
3760
8269
5476
3787
6463
1822
8867
2146
1659
7665
7485
5241
2065
6808
9221
2108
5243
4095
4561
4897
5351
0613
6814
1647
9692
1203
0690
0382
5960
4484
0342
6516
3264
6128
1833
0788
6675
1030
2066
8391
8896
1876
8623
8224
7512
6269
2736
3824
6611
0590
3229
3697
3213
0621
0693
9423
7378
0311
9782
0226
8502
0216
4471
9446
2467
2042
9753
7523
7587
9800
5890
4025
5646
7982
1274
9535
9835
0855
1003
2535
1268
7017
3938
6578
6289
9691
3192
6135
4821
4250
4166
0917
8033
4526
1934
6497
7257
7192
2055
3567
1031
6544
3513
3877
9159
7877
2965
3449
9790
4651
0898
0078
1982
4684
8303
8845
9406
2352
8206
3478
2499
2400
0833
7304
6009
9284
1715
9809
0946
2968
0537
0624
1303
4576
3225
1508
5593
5932
6199
7873
5045
4340
6092
5980
6945
2242
8831
3508
2539
5717
0205
1426
4146
1972
7135
1084
5028
7396
2096
4581
8301
7451
7772
8781
6299
0394
5064
9403
3346
6145
4653
9234
7271
1134
1011
1695
1788
7616
2558
8184
6900
3911
5179
9040
1808
8419
0714
6396
1131
3336
9995
8088
1750
2984
2219
9729
7937
0796
7556
4307
0045
4956
3071
4279
6432
0404
8869
4981
3986
8082
4394
7151
1573
5398
6929
6452
2203
1698
0125
1948
6034
5289
6788
5145
1325
6276
2806
9553
1486
4840
5009
7668
9266
7439
2449
3347
3721
5810
4514
8808
0711
9982
2554
9301
5962
2902
2793
4941
4063
5998
7022
4530
9724
2871
9492
1951
1866
0150
6908
7992
8090
9950
1199
2387
4560
1174
2908
2948
1776
0642
4428
2841
8515
1273
0679
2486
5124
4800
4417
3700
9865
2932
6792
4542
1078
2553
5883
2619
7554
2322
5682
3426
7645
9477
0809
4938
8517
1870
8598
8004
4377
5056
5262
3599
8650
9151
8070
6524
7295
2552
3528
9715
3955
9788
6274
1766
6417
9021
6421
1767
4005
3251
2132
6456
2323
4790
6811
8653
3943
7695
0745
6361
2104
9163
7632
5235
5669
9722
4217
5681
7001
6077
1813
2309
4772
7949
4759
1710
7922
2315
1997
4925
2172
6654
2052
3126
1541
1909
2890
4739
3518
9645
5647
7405
7528
9372
0768
6794
5951
6826
7750
6972
3486
3782
3944
6839
0861
4091
6197
6998
6192
9584
7175
3656
1671
1495
7776
9160
1263
7446
6564
6279
8669
6206
4888
9964
2811
7950
6377
3997
9127
1289
8064
4529
9971
0064
4580
9483
2443
7048
8747
6922
3902
0820
1111
4060
3728
5005
5784
3628
1953
8097
3978
3910
5627
4478
5084
7858
5976
3690
8735
9657
5059
5110
5640
4438
8210
3244
2075
8451
2562
6065
1825
9473
9189
3650
2311
8409
5244
4573
0538
5515
8454
3005
8284
0942
7943
0403
0284
8722
6955
6429
8164
5815
1343
1329
6959
6700
7387
6725
5396
6506
1213
3815
7037
0114
4231
1436
3719
7514
6365
4382
6290
7522
3734
8389
6309
4838
9737
8294
7367
2503
7108
2398
0444
4294
6880
9184
8675
8056
9579
8296
5018
3503
4748
0258
9813
2870
0259
6216
1840
3316
0276
0020
5373
2118
0759
6966
9368
8173
3431
8311
6052
4022
7365
3636
4583
4241
9978
5094
0478
2853
5499
8803
0176
4716
2735
8921
7832
5444
5355
8712
5544
0751
7765
3010
7353
0561
4381
7299
6161
2480
2301
8948
7969
8527
7833
7013
6410
8588
2089
3647
3784
3208
6720
6751
0507
8961
2629
7912
1837
4987
3828
9952
6645
1772
4104
1247
0847
4077
9443
9095
8180
4758
4453
4887
4734
2798
3214
7558
9617
6006
6477
7412
2152
0320
2696
4013
7803
1400
1163
5197
4379
8217
5160
2345
5802
1439
6779
1827
7324
7431
5317
9291
4388
4778
8632
2371
2013
5052
2479
5565
4347
2151
2807
5223
1105
4163
7205
1770
7423
1589
6948
7209
1254
5548
4721
6039
2442
0778
6609
6157
4880
1731
9712
5543
2542
2396
6674
3275
6864
0694
7077
8755
6661
8385
9762
8368
8362
2158
2340
5758
5093
6938
2819
2308
4092
0897
7403
5384
7561
0760
7823
0919
7568
4276
2599
0262
2586
9816
8190
9723
5947
5226
9257
5608
1973
9609
3704
7607
9793
5539
8934
5175
2176
2590
9725
1208
7962
0732
5447
0802
0151
6483
9937
5685
5249
1683
0168
5004
5650
0758
1080
5931
8671
2482
0767
9361
7925
6264
4780
2770
9820
4239
2939
4359
2802
6892
5163
1408
6085
4041
1334
9186
0188
3556
8738
9717
1689
3096
9362
2241
9946
2543
3678
0819
3042
4691
5423
2025
5167
7227
2982
4281
3150
9381
2637
4376
8233
6273
0118
7626
0639
8261
0973
0958
0993
9049
6284
3041
2180
3044
5656
3163
5128
1230
4949
2822
2816
5036
6012
6245
9918
4301
7231
9541
2789
4207
7506
8182
0407
6291
5845
0442
4812
7351
5271
2419
1041
6278
9742
1415
6799
6608
7501
6027
0543
7126
1070
1335
2879
8785
1959
5879
3641
8658
6623
9360
6008
0005
4067
6716
8956
6266
8954
9663
8571
9123
7627
5665
6119
9686
2549
2321
3557
9110
7942
6918
8109
4128
8477
7134
0647
5632
8028
9901
8702
4445
7071
5528
2883
8382
0178
6148
7236
0835
1681
6351
3224
0705
8491
3167
5534
5407
4062
6100
2325
8120
7683
6146
2012
1615
9087
4094
4524
7019
2390
4957
3350
2460
9855
6862
8262
8369
0395
8977
0101
3791
7847
8049
8340
8892
2234
2704
4918
3875
1792
5683
8794
7999
3169
3157
5469
2270
5628
0674
4390
5445
7910
4555
4671
4621
3949
4903
4612
2764
5091
8703
4327
4776
5257
6189
6721
3817
9795
1721
7548
9469
6514
1211
9576
0825
8569
1607
0448
0692
0122
6896
8337
6702
7671
9434
6638
0346
1491
0402
2140
5047
4154
7758
2679
5211
5693
4618
2957
7788
3900
6562
3604
4791
3712
8496
7700
2473
4277
5555
3768
6801
2856
1082
8021
4871
3755
5663
4523
6968
5394
1860
3089
8544
6371
5902
3935
4559
5942
6944
1733
9200
7463
9958
3490
3995
6149
8772
7498
2980
7410
7325
8016
2636
2222
1314
2694
9575
9551
4334
8140
8256
2649
4213
1198
6484
1539
3965
9784
2909
6672
9945
4934
7805
7012
0888
4200
4536
2576
7839
3772
5299
8086
5957
9611
3883
2147
0177
6218
4071
2026
6576
0930
1565
1826
2677
6657
2502
4647
3181
2731
8918
2010
4745
2303
6373
0456
9839
2211
7118
4982
1847
2272
0876
9997
5268
6212
5193
1583
8917
9814
4693
5027
7605
0912
0713
4271
6530
6911
3427
8203
1799
8566
4127
8925
3313
8728
6598
8212
7703
3326
7818
9068
9938
5969
2534
2652
4352
1622
8721
4777
3473
4275
8270
2522
9681
9500
4503
2178
6409
7318
9241
0321
2507
7653
0192
8936
3064
8616
9674
7148
0202
0035
6292
8522
8057
5635
0655
1061
3448
9428
5761
3057
9034
3939
7265
4282
4397
2714
8001
3202
9316
8236
4367
6035
9830
1007
1119
5730
4848
3351
6570
2183
9124
9859
7161
3457
2433
0718
9695
0944
3600
9940
0429
2452
6561
3318
9650
6106
2715
1933
3836
2903
7620
9013
2496
1979
4225
1253
5452
2087
0158
2695
3853
8154
0646
1987
2744
7363
1053
9992
4398
9452
6300
0131
3874
3927
5089
4591
6123
8094
0550
2775
9218
8602
4586
9746
2199
7097
9085
2640
7468
1667
3753
6210
4510
8836
2914
5195
1525
9979
0626
3639
6651
0815
6919
1000
7145
8251
1297
9682
3183
7223
6046
3538
6496
7482
7874
5554
9104
4055
1722
0966
1881
8866
1497
3368
2121
5606
1678
4027
1140
6617
4515
6793
3106
4905
6315
2356
5324
9777
1219
5832
0110
5573
6130
6016
1845
0420
0023
0839
3979
1600
3766
9486
0551
4456
6211
6293
5440
6809
9442
6837
4629
2512
5219
6098
0194
5871
8129
2832
1872
5596
6573
3117
4725
0092
9154
3288
3188
1473
4469
7813
8581
0270
1252
8044
0503
8366
9139
0648
3582
3297
2342
6311
7530
7707
1164
2567
3414
7965
9670
9545
0190
0103
5272
0913
0211
0390
6405
0104
7784
6708
8119
2029
1076
2604
3505
9333
3984
2028
9892
4400
8043
8537
0619
4589
5684
7609
6897
0196
1232
8718
0659
4190
5814
6677
6323
4750
5488
6646
4322
7956
8205
7167
0644
3559
2182
9108
6142
6040
1047
0795
6644
1824
8141
1013
5861
8927
9532
7075
7708
6423
0906
5037
8165
4354
6690
2227
7884
0986
1044
5207
2267
7443
5475
7180
1896
9707
6181
5280
8423
8995
5900
2447
0772
6487
3257
4833
9118
0715
7282
3092
0830
2231
0724
7744
0959
9767
6776
9325
0334
7344
5000
3634
7718
4857
8873
0017
8765
6783
7170
2953
3237
2230
5602
3789
7773
3931
1855
2341
6637
4509
8905
3831
4432
8512
0632
6308
0065
0511
9207
8615
5589
9556
4936
5479
2271
4785
9310
4626
5597
6928
6493
0740
2855
0519
3386
1206
1605
2153
2665
5968
5870
6143
0414
9026
6389
5075
3785
5370
2797
1875
0039
9112
9775
9529
8550
0598
4569
1922
8962
3855
3833
4527
5649
3352
1597
1883
0653
4113
5374
2279
0864
7743
0572
4350
1081
4789
8870
1931
3018
5678
1574
1244
2011
9059
0934
6005
2727
0761
2395
4451
0331
3983
6064
6004
9191
2003
6740
0439
4107
7503
8101
8594
6752
8999
2098
1455
9383
0783
1960
7650
3637
7171
6321
3228
8163
2294
6430
2117
8890
2018
1700
0992
1225
3204
4483
7856
1135
0845
9424
6082
8769
0084
7082
1292
0565
1346
5346
2021
8511
4374
2082
6819
9806
2809
7691
6875
8640
1409
1256
9261
1677
8110
2949
6267
9136
7225
4913
1132
2392
4421
3358
5745
2228
8200
9391
3274
9376
3338
7375
4686
8341
0453
5123
7460
1844
5155
9128
5347
7464
5923
7904
4044
0136
6141
6967
2425
8780
3149
7815
2541
5540
5812
5857
1139
1077
3373
6353
9618
7104
0281
0857
1399
8361
0280
9533
1514
9548
1169
8252
9314
2762
9387
7970
6173
7234
6114
1956
4507
8609
1566
0748
0434
8198
4242
1188
3834
6001
6495
0075
1529
8202
0010
7250
5898
5332
6589
1656
8610
1404
5411
7546
2632
8113
6002
9097
1223
2992
5611
5038
6735
2519
9077
2603
2324
3226
9228
0980
8176
6347
9902
5626
9463
8287
2302
2236
5619
5209
0152
8272
5808
0520
0803
9740
3788
5402
3741
9969
3603
4131
8257
3419
5899
8011
7201
7905
0298
0318
0435
5216
7669
7994
2778
2900
6447
3195
5954
6546
3425
5576
9720
1438
6426
4124
3016
2174
9238
8383
7136
8690
9398
6774
2877
6691
5965
7895
0253
6419
1171
8940
0662
3043
7565
1079
3751
1291
5894
4218
1283
7189
4907
0910
3024
5771
8364
0610
0904
1821
3262
2002
2875
9834
5728
1551
8348
2233
8346
7483
8851
1257
2135
5474
0431
7614
6909
5367
3464
6364
5701
9498
7894
8777
6363
0947
7098
5329
3296
2627
1460
5139
2600
6391
8899
7882
6683
2495
3046
1014
5217
0879
9700
6889
7973
2416
3451
7921
1237
9825
1088
4971
9206
6154
9690
0076
4192
8743
4817
5603
6334
9437
2709
9404
4826
4286
1066
3940
9390
3856
9802
4339
2795
1937
5527
3087
0225
2435
3432
3079
6718
4177
4966
9086
8104
2373
4870
5395
7166
3808
0747
0681
8895
1552
9904
5331
3996
6340
1587
7359
6686
1160
1231
7841
4628
4223
7089
4531
9641
6000
7829
0925
4264
3594
1562
3334
8059
6018
1156
4326
2920
3025
3299
9364
8298
4809
1638
1970
5961
5551
8739
7469
5201
9956
9350
1485
5792
8573
5880
3851
3894
9629
2818
7589
9060
1854
8067
2238
4454
6110
1143
3893
5842
3395
2256
2314
3321
0135
4620
6790
4972
4587
9370
3863
1680
0087
6151
9475
8863
9993
1893
3546
5439
1352
6993
3711
4183
0469
7543
8488
9497
2515
7350
1373
9792
4464
0969
3483
2513
7866
0307
4268
2546
2048
2904
7628
2047
9721
6117
6103
9472
7704
9295
7407
9168
8830
2185
3960
2963
7330
2027
4465
8377
9479
7539
1699
6217
8112
1537
7978
5851
9781
3905
4144
6595
3115
0057
0133
6997
6190
6891
8292
1113
5988
3231
5180
3032
0941
4950
4495
6170
5719
8431
4641
4265
4766
1245
5977
1636
3379
0608
0798
1410
7710
2579
0556
0236
5206
6777
3522
3714
2040
5811
6224
7596
1366
2667
5448
7061
0430
8688
7619
9365
7604
6709
5978
3333
1957
0985
9082
4796
1502
7011
1690
0665
4879
3138
1248
3682
7214
1040
1983
3259
6660
7570
8318
7657
7046
6335
4701
0824
7575
6285
5443
4211
3152
2941
2472
3783
5506
4258
9944
5800
4997
8508
4001
0223
4622
5204
7317
6366
5712
0433
4731
1940
8832
3365
7624
5648
5629
7591
0263
1784
1396
1632
8734
7775
3770
1713
0411
4224
8027
8329
4801
8175
4859
7176
4970
7442
6987
9975
9968
3917
9524
4178
0579
7678
5164
9589
8002
5344
1969
0447
4351
4749
5040
5489
5212
6178
1908
9868
2955
6252
5437
0008
6115
2937
0637
1376
1744
9148
5590
6842
3236
3019
1350
9256
6317
2905
1498
0921
3507
2846
5533
4270
9907
8884
5097
3908
1310
6272
8379
2976
6849
4311
0964
6223
4020
7551
0575
3268
3023
7931
6083
5095
5610
8335
8637
5795
9664
6531
8225
2286
2872
5468
7656
3701
6630
3492
8349
1391
4100
0602
3716
4164
7889
0872
4173
8705
8008
1795
8795
4180
3797
5371
5513
6926
7163
6235
2864
6185
8713
6613
9400
4705
5251
5162
6108
2430
0021
2205
1586
6943
0421
4829
5535
8924
5546
0378
7419
4993
2662
6063
4467
2527
7107
6879
8014
0920
5964
4655
0083
8367
9470
1978
6078
7736
2360
2928
5017
9773
5055
2669
5993
0604
6297
3843
7254
7745
7385
6653
9011
6326
2828
9448
7807
4665
9623
6923
6062
0463
9870
8952
6610
7391
9554
6754
8585
7033
2437
7122
8030
1277
0870
9838
7545
3525
9585
9047
6485
6767
8218
3180
1177
5946
0257
4187
8549
5642
0137
3891
2344
5392
6632
7322
0975
1150
2317
4080
3820
1595
1756
6961
7307
3527
1151
7916
8022
1950
4704
4688
9135
8031
1466
3170
3248
9187
5078
7529
1038
3740
0844
5529
8498
9182
7946
0808
4582
6737
7068
7913
5006
3756
5994
2051
3644
3852
5454
6951
5620
8420
7315
5562
4477
9375
2589
6764
3207
9857
3705
1377
7053
3069
8267
9121
1563
3807
1535
3343
3606
5617
2489
6640
9002
5425
5239
7269
1775
1880
3576
5062
0926
2893
8051
6275
2508
5509
3439
6895
5363
0391
3651
6397
1916
9568
0991
2753
1379
6102
1843
0161
4097
3256
1241
6883
1353
6984
2391
2313
8122
8989
2716
9263
0773
3381
0962
3829
4138
5198
3440
1236
8923
0341
8715
9144
7119
9012
0765
5127
7633
6962
2114
6973
7553
4744
3049
3746
2752
2275
9399
1158
1519
2817
8481
6863
3187
9181
9539
3477
0115
3501
9166
1805
9939
1354
8171
1087
5185
3441
4740
2378
3110
9605
1204
5102
9621
1591
1369
8065
3892
0400
0484
0355
5230
8326
3850
4858
0620
2581
9608
2318
7083
9577
7732
3073
1309
8683
4720
7390
0584
0558
9889
4881
4695
5453
6048
6978
4216
6915
3177
0025
5624
9334
9427
9027
9367
3263
0066
5366
5876
0489
2092
9517
4315
5101
6739
6204
5277
9926
2615
5338
0457
0531
8085
4959
3964
8126
1755
1102
7809
3896
1650
7321
1397
6688
7800
9476
0618
5781
9385
9192
8567
7397
2784
0360
1363
0200
0782
2084
0607
2766
8010
1420
2310
5482
5824
0214
8548
7360
0691
5256
5278
4757
5274
5210
6014
4894
4336
9258
1384
7173
7030
5190
8754
7370
7959
4494
5484
2177
7219
6074
7313
2264
0375
3649
1899
0398
1269
4160
8543
8937
9098
9898
0317
1886
8199
1089
9972
6345
3466
4595
5356
3548
1676
6802
8083
1029
9351
6357
8701
2000
4501
0309
4081
3579
8742
2244
3918
4891
8463
6666
6312
5106
0677
1999
8036
2298
6619
2688
9595
2224
1474
9343
8102
3424
5820
8731
3080
2969
4712
7945
5310
0722
7346
0399
5100
5564
2689
4460
8106
7326
5867
3053
4964
8005
2827
4814
0696
1838
7316
4170
1453
0247
8435
8416
9785
1468
5776
3922
5725
2582
0287
4328
3583
5487
1239
5936
0743
7444
5309
4098
2820
5618
1911
9303
9006
8865
8673
2933
4188
9432
9581
7036
9557
2858
3724
3880
9131
8631
1165
0374
3437
1800
9749
8946
8533
2661
1719
5878
0512
1654
7816
1803
3098
5208
4763
1333
5323
6882
0884
2106
6368
4220
8727
9507
4115
1049
5537
8250
0187
4058
0823
8902
7156
1192
5981
3175
3434
4533
4021
4543
2521
8801
6509
6358
1443
4285
6401
6166
6526
9989
2463
6977
2403
2524
1608
5151
5716
4201
1043
2157
4657
1611
5673
3901
4640
4722
1542
2145
9919
5612
8991
8575
7763
4664
6451
7699
1918
1476
3058
0559
2593
0396
8762
8039
1905
2623
4931
0596
9525
5805
9739
3695
2755
7849
3105
0546
0843
1345
4431
8455
9094
4446
1336
5985
6643
5213
1781
9655
1634
1478
0154
0130
1602
5585
5697
1643
5559
4455
2299
5247
7384
6937
4073
3072
4967
9052
5288
6033
0707
9307
0389
7461
3796
7016
9106
9150
3423
1128
9311
0163
2138
7449
1791
5687
6025
0055
3393
0157
9392
8816
7563
4072
7799
0418
7770
4370
6560
2954
9494
0203
9755
1817
5014
9005
0126
7235
9794
1482
1895
7029
2394
0678
6673
7190
4787
4474
6118
8418
9416
6028
1370
7929
3132
8333
2337
5616
0336
3061
7675
3028
0636
5703
0030
1779
2120
4810
8578
7996
5233
5166
7560
0994
4196
0832
8286
4898
8118
4449
1442
0521
1664
8253
0297
4940
6859
2136
3258
8116
7094
8629
4922
0322
7748
8040
2328
3664
3083
9271
3383
3654
7120
2804
3577
5875
1763
8778
8608
9502
5587
8595
2422
3491
7779
8107
5679
1341
8459
1449
2305
9536
1729
4699
2657
0967
0107
0043
1868
1524
0797
9455
4383
0455
0462
8305
7298
1319
